MEME version 4

ALPHABET= ACGT

strands: + -

Background letter frequencies (from uniform background):
A 0.25000 C 0.25000 G 0.25000 T 0.25000 

MOTIF CDEIII_Saccharomyces 

letter-probability matrix: alength= 4 w= 26 nsites= 128 E= 0
  0.132812	  0.007812	  0.085938	  0.773438	
  0.007812	  0.000000	  0.992188	  0.000000	
  0.000000	  0.000000	  0.281250	  0.718750	
  0.273438	  0.023438	  0.125000	  0.578125	
  0.015625	  0.062500	  0.000000	  0.921875	
  0.289062	  0.015625	  0.078125	  0.617188	
  0.109375	  0.070312	  0.023438	  0.796875	
  0.039062	  0.023438	  0.875000	  0.062500	
  0.593750	  0.179688	  0.101562	  0.125000	
  0.101562	  0.156250	  0.125000	  0.617188	
  0.078125	  0.062500	  0.015625	  0.843750	
  0.023438	  0.000000	  0.000000	  0.976562	
  0.000000	  1.000000	  0.000000	  0.000000	
  0.000000	  1.000000	  0.000000	  0.000000	
  0.000000	  0.000000	  1.000000	  0.000000	
  1.000000	  0.000000	  0.000000	  0.000000	
  1.000000	  0.000000	  0.000000	  0.000000	
  0.398438	  0.414062	  0.132812	  0.054688	
  0.554688	  0.179688	  0.140625	  0.125000	
  0.351562	  0.093750	  0.234375	  0.320312	
  0.632812	  0.015625	  0.125000	  0.226562	
  0.703125	  0.007812	  0.070312	  0.218750	
  0.812500	  0.015625	  0.007812	  0.164062	
  0.804688	  0.015625	  0.023438	  0.156250	
  0.554688	  0.000000	  0.015625	  0.429688	
  0.640625	  0.062500	  0.054688	  0.242188