MEME version 4

ALPHABET= ACGT

strands: + -

Background letter frequencies (from uniform background):
A 0.25000 C 0.25000 G 0.25000 T 0.25000 

MOTIF CDEIII_Nakaseomyces 

letter-probability matrix: alength= 4 w= 26 nsites= 88 E= 0
  0.147727	  0.147727	  0.056818	  0.647727	
  0.000000	  0.000000	  1.000000	  0.000000	
  0.000000	  0.000000	  0.875000	  0.125000	
  0.000000	  0.136364	  0.534091	  0.329545	
  0.022727	  0.159091	  0.056818	  0.761364	
  0.443182	  0.000000	  0.102273	  0.454545	
  0.056818	  0.090909	  0.022727	  0.829545	
  0.045455	  0.068182	  0.795455	  0.090909	
  0.420455	  0.272727	  0.125000	  0.181818	
  0.181818	  0.125000	  0.204545	  0.488636	
  0.034091	  0.022727	  0.022727	  0.920455	
  0.034091	  0.022727	  0.000000	  0.943182	
  0.000000	  1.000000	  0.000000	  0.000000	
  0.000000	  1.000000	  0.000000	  0.000000	
  0.000000	  0.000000	  1.000000	  0.000000	
  0.988636	  0.000000	  0.011364	  0.000000	
  0.988636	  0.000000	  0.011364	  0.000000	
  0.318182	  0.511364	  0.125000	  0.045455	
  0.500000	  0.204545	  0.090909	  0.204545	
  0.352273	  0.193182	  0.215909	  0.238636	
  0.590909	  0.079545	  0.170455	  0.159091	
  0.409091	  0.000000	  0.284091	  0.306818	
  0.761364	  0.011364	  0.045455	  0.181818	
  0.625000	  0.011364	  0.022727	  0.340909	
  0.500000	  0.034091	  0.022727	  0.443182	
  0.613636	  0.068182	  0.022727	  0.295455