MEME version 4

ALPHABET= ACGT

strands: + -

Background letter frequencies (from uniform background):
A 0.25000 C 0.25000 G 0.25000 T 0.25000 

MOTIF CDEIII_Kaq-sol 

letter-probability matrix: alength= 4 w= 26 nsites= 85 E= 0
  0.129412	  0.011765	  0.011765	  0.847059	
  0.741176	  0.011765	  0.035294	  0.211765	
  0.141176	  0.000000	  0.000000	  0.858824	
  0.094118	  0.000000	  0.000000	  0.905882	
  0.035294	  0.023529	  0.000000	  0.941176	
  0.247059	  0.035294	  0.117647	  0.600000	
  0.576471	  0.011765	  0.129412	  0.282353	
  0.494118	  0.035294	  0.070588	  0.400000	
  0.305882	  0.023529	  0.058824	  0.611765	
  0.200000	  0.011765	  0.082353	  0.705882	
  0.152941	  0.023529	  0.058824	  0.764706	
  0.164706	  0.011765	  0.011765	  0.811765	
  0.000000	  0.976471	  0.011765	  0.011765	
  0.000000	  1.000000	  0.000000	  0.000000	
  0.141176	  0.035294	  0.694118	  0.129412	
  0.670588	  0.011765	  0.082353	  0.235294	
  0.694118	  0.047059	  0.047059	  0.211765	
  0.564706	  0.058824	  0.070588	  0.305882	
  0.517647	  0.082353	  0.023529	  0.376471	
  0.364706	  0.070588	  0.035294	  0.529412	
  0.352941	  0.047059	  0.035294	  0.564706	
  0.600000	  0.035294	  0.035294	  0.329412	
  0.552941	  0.011765	  0.011765	  0.423529	
  0.576471	  0.011765	  0.000000	  0.411765	
  0.435294	  0.023529	  0.070588	  0.470588	
  0.541176	  0.011765	  0.070588	  0.376471