MEME version 4

ALPHABET= ACGT

strands: + -

Background letter frequencies (from uniform background):
A 0.25000 C 0.25000 G 0.25000 T 0.25000 

MOTIF CDEIII_ScSuCgVp 

letter-probability matrix: alength= 4 w= 26 nsites= 59 E= 0
  0.169492	  0.033898	  0.067797	  0.728814	
  0.084746	  0.033898	  0.779661	  0.101695	
  0.067797	  0.016949	  0.338983	  0.576271	
  0.254237	  0.084746	  0.152542	  0.508475	
  0.000000	  0.118644	  0.033898	  0.847458	
  0.491525	  0.016949	  0.050847	  0.440678	
  0.186441	  0.016949	  0.050847	  0.745763	
  0.084746	  0.033898	  0.745763	  0.135593	
  0.525424	  0.152542	  0.101695	  0.220339	
  0.067797	  0.169492	  0.203390	  0.559322	
  0.118644	  0.050847	  0.000000	  0.830508	
  0.050847	  0.016949	  0.000000	  0.932203	
  0.000000	  1.000000	  0.000000	  0.000000	
  0.000000	  1.000000	  0.000000	  0.000000	
  0.000000	  0.000000	  1.000000	  0.000000	
  1.000000	  0.000000	  0.000000	  0.000000	
  1.000000	  0.000000	  0.000000	  0.000000	
  0.372881	  0.491525	  0.118644	  0.016949	
  0.491525	  0.220339	  0.084746	  0.203390	
  0.372881	  0.101695	  0.254237	  0.271186	
  0.593220	  0.033898	  0.152542	  0.220339	
  0.525424	  0.000000	  0.186441	  0.288136	
  0.779661	  0.016949	  0.016949	  0.186441	
  0.711864	  0.000000	  0.033898	  0.254237	
  0.508475	  0.033898	  0.033898	  0.423729	
  0.593220	  0.084746	  0.050847	  0.271186