MEME version 4

ALPHABET= ACGT

strands: + -

Background letter frequencies (from uniform background):
A 0.25000 C 0.25000 G 0.25000 T 0.25000 

MOTIF KLE CDEIII 

letter-probability matrix: alength= 4 w= 26 nsites= 68 E= 0
  0.264706	  0.029412	  0.029412	  0.676471	
  0.176471	  0.000000	  0.632353	  0.191176	
  0.058824	  0.029412	  0.117647	  0.794118	
  0.191176	  0.029412	  0.161765	  0.617647	
  0.044118	  0.029412	  0.029412	  0.897059	
  0.338235	  0.014706	  0.235294	  0.411765	
  0.279412	  0.132353	  0.117647	  0.470588	
  0.191176	  0.088235	  0.485294	  0.235294	
  0.338235	  0.132353	  0.250000	  0.279412	
  0.088235	  0.102941	  0.191176	  0.617647	
  0.014706	  0.058824	  0.044118	  0.882353	
  0.000000	  0.000000	  0.000000	  1.000000	
  0.000000	  1.000000	  0.000000	  0.000000	
  0.000000	  1.000000	  0.000000	  0.000000	
  0.000000	  0.000000	  1.000000	  0.000000	
  1.000000	  0.000000	  0.000000	  0.000000	
  1.000000	  0.000000	  0.000000	  0.000000	
  0.691176	  0.220588	  0.044118	  0.044118	
  0.500000	  0.220588	  0.102941	  0.176471	
  0.294118	  0.102941	  0.176471	  0.426471	
  0.514706	  0.029412	  0.161765	  0.294118	
  0.367647	  0.014706	  0.073529	  0.544118	
  0.544118	  0.000000	  0.029412	  0.426471	
  0.455882	  0.000000	  0.000000	  0.544118	
  0.500000	  0.029412	  0.014706	  0.455882	
  0.514706	  0.029412	  0.029412	  0.426471