MEME version 4

ALPHABET= ACGT

strands: + -

Background letter frequencies (from uniform background):
A 0.25000 C 0.25000 G 0.25000 T 0.25000 

MOTIF Toru 

letter-probability matrix: alength= 4 w= 26 nsites= 57 E= 0
  0.140351	  0.087719	  0.035088	  0.736842	
  0.157895	  0.000000	  0.754386	  0.087719	
  0.035088	  0.017544	  0.157895	  0.789474	
  0.298246	  0.017544	  0.228070	  0.456140	
  0.000000	  0.105263	  0.017544	  0.877193	
  0.315789	  0.070175	  0.210526	  0.403509	
  0.263158	  0.087719	  0.122807	  0.526316	
  0.140351	  0.017544	  0.684211	  0.157895	
  0.175439	  0.192982	  0.315789	  0.315789	
  0.052632	  0.245614	  0.263158	  0.438596	
  0.017544	  0.017544	  0.000000	  0.964912	
  0.000000	  0.000000	  0.000000	  1.000000	
  0.000000	  1.000000	  0.000000	  0.000000	
  0.000000	  1.000000	  0.000000	  0.000000	
  0.000000	  0.000000	  1.000000	  0.000000	
  1.000000	  0.000000	  0.000000	  0.000000	
  0.894737	  0.017544	  0.087719	  0.000000	
  0.315789	  0.350877	  0.333333	  0.000000	
  0.385965	  0.368421	  0.175439	  0.070175	
  0.315789	  0.105263	  0.210526	  0.368421	
  0.438596	  0.070175	  0.245614	  0.245614	
  0.491228	  0.017544	  0.263158	  0.228070	
  0.631579	  0.000000	  0.017544	  0.350877	
  0.684211	  0.000000	  0.000000	  0.315789	
  0.561404	  0.000000	  0.000000	  0.438596	
  0.526316	  0.157895	  0.035088	  0.280702