MEME version 4

ALPHABET= ACGT

strands: + -

Background letter frequencies (from uniform background):
A 0.25000 C 0.25000 G 0.25000 T 0.25000 

MOTIF CDEIII_Henningerozyma 

letter-probability matrix: alength= 4 w= 26 nsites= 9 E= 0
  0.444444	  0.222222	  0.000000	  0.333333	
  0.444444	  0.111111	  0.222222	  0.222222	
  0.555556	  0.111111	  0.000000	  0.333333	
  0.111111	  0.111111	  0.000000	  0.777778	
  0.000000	  0.111111	  0.000000	  0.888889	
  0.666667	  0.000000	  0.111111	  0.222222	
  0.111111	  0.111111	  0.000000	  0.777778	
  0.000000	  0.222222	  0.666667	  0.111111	
  0.333333	  0.000000	  0.333333	  0.333333	
  0.000000	  0.111111	  0.666667	  0.222222	
  0.666667	  0.111111	  0.000000	  0.222222	
  0.000000	  0.111111	  0.000000	  0.888889	
  0.000000	  1.000000	  0.000000	  0.000000	
  0.000000	  1.000000	  0.000000	  0.000000	
  0.000000	  0.000000	  1.000000	  0.000000	
  1.000000	  0.000000	  0.000000	  0.000000	
  1.000000	  0.000000	  0.000000	  0.000000	
  0.000000	  1.000000	  0.000000	  0.000000	
  0.000000	  0.666667	  0.111111	  0.222222	
  0.444444	  0.000000	  0.555556	  0.000000	
  1.000000	  0.000000	  0.000000	  0.000000	
  0.111111	  0.000000	  0.000000	  0.888889	
  0.777778	  0.000000	  0.000000	  0.222222	
  0.222222	  0.000000	  0.000000	  0.777778	
  0.111111	  0.000000	  0.000000	  0.888889	
  0.888889	  0.111111	  0.000000	  0.000000