MEME version 4

ALPHABET= ACGT

strands: + -

Background letter frequencies (from uniform background):
A 0.25000 C 0.25000 G 0.25000 T 0.25000 

MOTIF CDEIII_Yueomyces 

letter-probability matrix: alength= 4 w= 26 nsites= 40 E= 0
  0.375000	  0.025000	  0.100000	  0.500000	
  0.375000	  0.075000	  0.175000	  0.375000	
  0.450000	  0.100000	  0.075000	  0.375000	
  0.375000	  0.000000	  0.100000	  0.525000	
  0.100000	  0.125000	  0.050000	  0.725000	
  0.000000	  0.025000	  0.000000	  0.975000	
  0.125000	  0.025000	  0.100000	  0.750000	
  0.050000	  0.000000	  0.950000	  0.000000	
  0.100000	  0.175000	  0.325000	  0.400000	
  0.200000	  0.025000	  0.200000	  0.575000	
  0.100000	  0.075000	  0.100000	  0.725000	
  0.025000	  0.025000	  0.025000	  0.925000	
  0.000000	  0.975000	  0.025000	  0.000000	
  0.000000	  0.975000	  0.000000	  0.025000	
  0.000000	  0.000000	  1.000000	  0.000000	
  1.000000	  0.000000	  0.000000	  0.000000	
  1.000000	  0.000000	  0.000000	  0.000000	
  0.000000	  0.950000	  0.000000	  0.050000	
  0.575000	  0.075000	  0.325000	  0.025000	
  0.475000	  0.125000	  0.000000	  0.400000	
  0.725000	  0.050000	  0.100000	  0.125000	
  0.225000	  0.075000	  0.225000	  0.475000	
  0.750000	  0.000000	  0.050000	  0.200000	
  0.750000	  0.000000	  0.000000	  0.250000	
  0.475000	  0.000000	  0.000000	  0.525000	
  0.775000	  0.025000	  0.000000	  0.200000