MEME version 4

ALPHABET= ACGT

strands: + -

Background letter frequencies (from uniform background):
A 0.25000 C 0.25000 G 0.25000 T 0.25000 

MOTIF CDEIII_Knagsin 

letter-probability matrix: alength= 4 w= 26 nsites= 23 E= 0
  0.000000	  0.000000	  0.000000	  1.000000	
  0.043478	  0.000000	  0.956522	  0.000000	
  0.000000	  0.043478	  0.260870	  0.695652	
  0.173913	  0.043478	  0.304348	  0.478261	
  0.000000	  0.000000	  0.000000	  1.000000	
  0.565217	  0.000000	  0.434783	  0.000000	
  0.130435	  0.043478	  0.217391	  0.608696	
  0.043478	  0.000000	  0.956522	  0.000000	
  0.173913	  0.565217	  0.130435	  0.130435	
  0.434783	  0.043478	  0.000000	  0.521739	
  0.956522	  0.000000	  0.043478	  0.000000	
  0.565217	  0.000000	  0.000000	  0.434783	
  0.478261	  0.217391	  0.086957	  0.217391	
  0.086957	  0.130435	  0.173913	  0.608696	
  0.260870	  0.000000	  0.304348	  0.434783	
  0.347826	  0.086957	  0.260870	  0.304348	
  0.695652	  0.043478	  0.000000	  0.260870	
  0.652174	  0.130435	  0.043478	  0.173913	
  0.608696	  0.043478	  0.130435	  0.217391	
  0.478261	  0.000000	  0.000000	  0.521739	
  0.782609	  0.000000	  0.130435	  0.086957	
  0.565217	  0.000000	  0.043478	  0.391304	
  0.478261	  0.043478	  0.000000	  0.478261	
  0.565217	  0.043478	  0.086957	  0.304348	
  0.391304	  0.043478	  0.086957	  0.478261	
  0.521739	  0.086957	  0.130435	  0.260870