MEME version 4

ALPHABET= ACGT

strands: + -

Background letter frequencies (from uniform background):
A 0.25000 C 0.25000 G 0.25000 T 0.25000 

MOTIF CDEIII_EreLach 

letter-probability matrix: alength= 4 w= 26 nsites= 137 E= 0
  0.145985	  0.014599	  0.051095	  0.788321	
  0.094891	  0.000000	  0.810219	  0.094891	
  0.014599	  0.014599	  0.072993	  0.897810	
  0.189781	  0.021898	  0.226277	  0.562044	
  0.043796	  0.051095	  0.014599	  0.890511	
  0.372263	  0.058394	  0.211679	  0.357664	
  0.277372	  0.116788	  0.124088	  0.481752	
  0.153285	  0.102190	  0.525547	  0.218978	
  0.343066	  0.109489	  0.233577	  0.313869	
  0.109489	  0.124088	  0.189781	  0.576642	
  0.043796	  0.065693	  0.043796	  0.846715	
  0.007299	  0.007299	  0.000000	  0.985401	
  0.000000	  1.000000	  0.000000	  0.000000	
  0.000000	  1.000000	  0.000000	  0.000000	
  0.000000	  0.000000	  1.000000	  0.000000	
  1.000000	  0.000000	  0.000000	  0.000000	
  0.992701	  0.000000	  0.000000	  0.007299	
  0.576642	  0.240876	  0.116788	  0.065693	
  0.445255	  0.189781	  0.167883	  0.197080	
  0.270073	  0.094891	  0.153285	  0.481752	
  0.598540	  0.036496	  0.116788	  0.248175	
  0.379562	  0.029197	  0.102190	  0.489051	
  0.591241	  0.000000	  0.014599	  0.394161	
  0.525547	  0.000000	  0.000000	  0.474453	
  0.489051	  0.014599	  0.014599	  0.481752	
  0.591241	  0.043796	  0.029197	  0.335766