MEME version 4

ALPHABET= ACGT

strands: + -

Background letter frequencies (from uniform background):
A 0.25000 C 0.25000 G 0.25000 T 0.25000 

MOTIF CDEIII_ZygoSacch 

letter-probability matrix: alength= 4 w= 26 nsites= 52 E= 0
  0.096154	  0.038462	  0.000000	  0.865385	
  0.038462	  0.000000	  0.961538	  0.000000	
  0.000000	  0.000000	  0.038462	  0.961538	
  0.384615	  0.019231	  0.211538	  0.384615	
  0.019231	  0.038462	  0.019231	  0.923077	
  0.288462	  0.038462	  0.115385	  0.557692	
  0.288462	  0.038462	  0.076923	  0.596154	
  0.038462	  0.096154	  0.634615	  0.230769	
  0.269231	  0.153846	  0.346154	  0.230769	
  0.038462	  0.192308	  0.211538	  0.557692	
  0.000000	  0.019231	  0.000000	  0.980769	
  0.000000	  0.000000	  0.000000	  1.000000	
  0.000000	  1.000000	  0.000000	  0.000000	
  0.000000	  1.000000	  0.000000	  0.000000	
  0.000000	  0.000000	  0.980769	  0.019231	
  1.000000	  0.000000	  0.000000	  0.000000	
  1.000000	  0.000000	  0.000000	  0.000000	
  0.423077	  0.307692	  0.269231	  0.000000	
  0.403846	  0.288462	  0.153846	  0.153846	
  0.211538	  0.115385	  0.115385	  0.557692	
  0.576923	  0.096154	  0.115385	  0.211538	
  0.730769	  0.019231	  0.134615	  0.115385	
  0.807692	  0.019231	  0.019231	  0.153846	
  0.846154	  0.000000	  0.019231	  0.134615	
  0.653846	  0.000000	  0.000000	  0.346154	
  0.519231	  0.038462	  0.057692	  0.384615	