MEME version 4

ALPHABET= ACGT

strands: + -

Background letter frequencies (from uniform background):
A 0.25000 C 0.25000 G 0.25000 T 0.25000 

MOTIF CDEIII_Kluyveromyces 

letter-probability matrix: alength= 4 w= 26 nsites= 76 E= 0
  0.460526	  0.026316	  0.118421	  0.394737	
  0.473684	  0.052632	  0.118421	  0.355263	
  0.592105	  0.013158	  0.026316	  0.368421	
  0.552632	  0.026316	  0.052632	  0.368421	
  0.539474	  0.000000	  0.065789	  0.394737	
  0.355263	  0.118421	  0.039474	  0.486842	
  0.460526	  0.065789	  0.118421	  0.355263	
  0.171053	  0.223684	  0.223684	  0.381579	
  0.184211	  0.105263	  0.276316	  0.434211	
  0.092105	  0.118421	  0.276316	  0.513158	
  0.105263	  0.013158	  0.026316	  0.855263	
  0.000000	  0.000000	  0.000000	  1.000000	
  0.000000	  1.000000	  0.000000	  0.000000	
  0.000000	  1.000000	  0.000000	  0.000000	
  0.000000	  0.000000	  1.000000	  0.000000	
  1.000000	  0.000000	  0.000000	  0.000000	
  1.000000	  0.000000	  0.000000	  0.000000	
  0.934211	  0.052632	  0.013158	  0.000000	
  0.881579	  0.000000	  0.092105	  0.026316	
  0.131579	  0.000000	  0.000000	  0.868421	
  0.421053	  0.000000	  0.000000	  0.578947	
  0.934211	  0.000000	  0.013158	  0.052632	
  0.776316	  0.039474	  0.000000	  0.184211	
  0.671053	  0.000000	  0.000000	  0.328947	
  0.500000	  0.000000	  0.000000	  0.500000	
  0.315789	  0.026316	  0.013158	  0.644737