MEME version 4

ALPHABET= ACGT

strands: + -

Background letter frequencies (from uniform background):
A 0.25000 C 0.25000 G 0.25000 T 0.25000 

MOTIF CDEIII_Vanderwaltozyma 

letter-probability matrix: alength= 4 w= 26 nsites= 46 E= 0
  0.391304	  0.086957	  0.043478	  0.478261	
  0.652174	  0.043478	  0.021739	  0.282609	
  0.456522	  0.043478	  0.086957	  0.413043	
  0.304348	  0.195652	  0.021739	  0.478261	
  0.130435	  0.108696	  0.086957	  0.673913	
  0.304348	  0.021739	  0.065217	  0.608696	
  0.326087	  0.043478	  0.108696	  0.521739	
  0.304348	  0.108696	  0.173913	  0.413043	
  0.304348	  0.108696	  0.130435	  0.456522	
  0.239130	  0.152174	  0.217391	  0.391304	
  0.217391	  0.065217	  0.000000	  0.717391	
  0.000000	  0.021739	  0.000000	  0.978261	
  0.000000	  1.000000	  0.000000	  0.000000	
  0.000000	  1.000000	  0.000000	  0.000000	
  0.000000	  0.000000	  1.000000	  0.000000	
  1.000000	  0.000000	  0.000000	  0.000000	
  1.000000	  0.000000	  0.000000	  0.000000	
  0.130435	  0.782609	  0.043478	  0.043478	
  0.586957	  0.304348	  0.086957	  0.021739	
  0.478261	  0.130435	  0.173913	  0.217391	
  0.521739	  0.021739	  0.130435	  0.326087	
  0.195652	  0.021739	  0.391304	  0.391304	
  0.652174	  0.000000	  0.000000	  0.347826	
  0.543478	  0.000000	  0.021739	  0.434783	
  0.543478	  0.000000	  0.000000	  0.456522	
  0.586957	  0.239130	  0.065217	  0.108696