MEME version 4

ALPHABET= ACGT

strands: + -

Background letter frequencies (from uniform background):
A 0.25000 C 0.25000 G 0.25000 T 0.25000 

MOTIF CDEIII_Tetrapisispora 

letter-probability matrix: alength= 4 w= 26 nsites= 91 E= 0
  0.483516	  0.076923	  0.054945	  0.384615	
  0.637363	  0.032967	  0.021978	  0.307692	
  0.549451	  0.021978	  0.065934	  0.362637	
  0.417582	  0.043956	  0.054945	  0.483516	
  0.230769	  0.043956	  0.076923	  0.648352	
  0.340659	  0.021978	  0.109890	  0.527473	
  0.329670	  0.076923	  0.054945	  0.538462	
  0.120879	  0.142857	  0.329670	  0.406593	
  0.439560	  0.043956	  0.219780	  0.296703	
  0.142857	  0.087912	  0.131868	  0.637363	
  0.120879	  0.010989	  0.054945	  0.813187	
  0.010989	  0.010989	  0.000000	  0.978022	
  0.020000	  0.900000	  0.020000	  0.060000	
  0.000000	  1.000000	  0.000000	  0.000000	
  0.000000	  0.000000	  1.000000	  0.000000	
  1.000000	  0.000000	  0.000000	  0.000000	
  0.978022	  0.010989	  0.010989	  0.000000	
  0.153846	  0.692308	  0.065934	  0.087912	
  0.736264	  0.186813	  0.032967	  0.043956	
  0.384615	  0.076923	  0.109890	  0.428571	
  0.780220	  0.021978	  0.076923	  0.120879	
  0.197802	  0.032967	  0.296703	  0.472527	
  0.648352	  0.000000	  0.010989	  0.340659	
  0.615385	  0.000000	  0.000000	  0.384615	
  0.362637	  0.010989	  0.021978	  0.604396	
  0.604396	  0.197802	  0.087912	  0.109890