MEME version 4

ALPHABET= ACGT

strands: + -

Background letter frequencies (from uniform background):
A 0.25000 C 0.25000 G 0.25000 T 0.25000 

MOTIF CDEIII_Grig 

letter-probability matrix: alength= 4 w= 26 nsites= 29 E= 0
  0.034483	  0.068966	  0.000000	  0.896552	
  0.068966	  0.000000	  0.862069	  0.068966	
  0.034483	  0.000000	  0.172414	  0.793103	
  0.172414	  0.034483	  0.310345	  0.482759	
  0.068966	  0.137931	  0.000000	  0.793103	
  0.310345	  0.034483	  0.379310	  0.275862	
  0.586207	  0.000000	  0.206897	  0.206897	
  0.000000	  0.000000	  0.965517	  0.034483	
  0.000000	  0.379310	  0.344828	  0.275862	
  0.034483	  0.000000	  0.000000	  0.965517	
  0.413793	  0.000000	  0.034483	  0.551724	
  0.965517	  0.000000	  0.000000	  0.034483	
  0.068966	  0.931034	  0.000000	  0.000000	
  0.000000	  1.000000	  0.000000	  0.000000	
  0.000000	  0.000000	  1.000000	  0.000000	
  0.965517	  0.000000	  0.000000	  0.034483	
  1.000000	  0.000000	  0.000000	  0.000000	
  0.620690	  0.172414	  0.137931	  0.068966	
  0.413793	  0.413793	  0.034483	  0.137931	
  0.482759	  0.137931	  0.103448	  0.275862	
  0.379310	  0.000000	  0.172414	  0.448276	
  0.206897	  0.172414	  0.137931	  0.482759	
  0.310345	  0.103448	  0.034483	  0.551724	
  0.413793	  0.034483	  0.310345	  0.241379	
  0.551724	  0.137931	  0.068966	  0.241379	
  0.689655	  0.034483	  0.137931	  0.137931