MEME version 4

ALPHABET= ACGT

strands: + -

Background letter frequencies (from uniform background):
A 0.25000 C 0.25000 G 0.25000 T 0.25000 

MOTIF CDEIII_Ka_Full 

letter-probability matrix: alength= 4 w= 26 nsites= 99 E= 0
  0.000000	  0.010101	  0.000000	  0.989899	
  0.000000	  0.010101	  0.969697	  0.020202	
  0.010101	  0.000000	  0.010101	  0.979798	
  0.272727	  0.030303	  0.585859	  0.111111	
  0.010101	  0.242424	  0.000000	  0.747475	
  0.636364	  0.000000	  0.353535	  0.010101	
  0.010101	  0.949495	  0.000000	  0.040404	
  0.000000	  0.000000	  0.919192	  0.080808	
  0.040404	  0.656566	  0.161616	  0.141414	
  0.131313	  0.101010	  0.181818	  0.585859	
  0.191919	  0.030303	  0.030303	  0.747475	
  0.525253	  0.020202	  0.080808	  0.373737	
  0.000000	  1.000000	  0.000000	  0.000000	
  0.000000	  0.989899	  0.010101	  0.000000	
  0.000000	  0.000000	  1.000000	  0.000000	
  0.989899	  0.000000	  0.010101	  0.000000	
  0.969697	  0.030303	  0.000000	  0.000000	
  0.555556	  0.262626	  0.050505	  0.131313	
  0.505051	  0.111111	  0.131313	  0.252525	
  0.474747	  0.121212	  0.111111	  0.292929	
  0.505051	  0.131313	  0.080808	  0.282828	
  0.515152	  0.070707	  0.121212	  0.292929	
  0.656566	  0.020202	  0.080808	  0.242424	
  0.707071	  0.030303	  0.040404	  0.222222	
  0.646465	  0.070707	  0.030303	  0.252525	
  0.595960	  0.070707	  0.090909	  0.242424