MEME version 4

ALPHABET= ACGT

strands: + -

Background letter frequencies (from uniform background):
A 0.25000 C 0.25000 G 0.25000 T 0.25000 

MOTIF CDEIII_Arxiozyma 

letter-probability matrix: alength= 4 w= 26 nsites= 88 E= 0
  0.125000	  0.090909	  0.000000	  0.784091	
  0.909091	  0.045455	  0.000000	  0.045455	
  0.034091	  0.000000	  0.011364	  0.954545	
  0.272727	  0.000000	  0.000000	  0.727273	
  0.034091	  0.000000	  0.000000	  0.965909	
  0.090909	  0.011364	  0.000000	  0.897727	
  0.261364	  0.000000	  0.034091	  0.704545	
  0.579545	  0.022727	  0.011364	  0.386364	
  0.465909	  0.000000	  0.022727	  0.511364	
  0.284091	  0.000000	  0.000000	  0.715909	
  0.204545	  0.011364	  0.045455	  0.738636	
  0.034091	  0.022727	  0.000000	  0.943182	
  0.000000	  0.977273	  0.000000	  0.022727	
  0.000000	  1.000000	  0.000000	  0.000000	
  0.159091	  0.000000	  0.818182	  0.022727	
  0.522727	  0.034091	  0.159091	  0.284091	
  0.511364	  0.056818	  0.045455	  0.386364	
  0.545455	  0.068182	  0.125000	  0.261364	
  0.397727	  0.022727	  0.022727	  0.556818	
  0.386364	  0.056818	  0.079545	  0.477273	
  0.534091	  0.022727	  0.022727	  0.420455	
  0.386364	  0.056818	  0.000000	  0.556818	
  0.363636	  0.068182	  0.079545	  0.488636	
  0.556818	  0.068182	  0.011364	  0.363636	
  0.363636	  0.034091	  0.056818	  0.545455	
  0.340909	  0.045455	  0.000000	  0.613636